2
3
4
5
7
9
11
14
17
18
19
20
23
25
28
30
31
32
35
37
39
41
42
43
47
48
50
51
54
55
62
63
66
67
69
73
75
76
78
80
82
85
87
88
89
90
93
94
95
96
97
99
101
103
104
106
107
109
111
113
114
115
116
118
120
122
126
127
132
134
136
137
138
139
142
143
146
147
148
149
150
151
152
153
154
156
158
161
162
163
165
166
168
170
171
172
176
177
178
179
182
186
188
190
192
200
202
204
206
209
211
212
213
218
219
221
222
224
226
228
230
231
232
233
234
236
240
241
245
248
252
254
257
262
266
267
268
269
270
271
272
273
276
277
278
280
281
282
283
287
290
293
294
295
296
297
299
304
311
312
314
315
318
320
321
322
330
333
334
335
340
342
347
348
352
353
358
359
360
361
364
365
366
368
372
373
374
375
377
379
380
381
383
385
386
388
391
392
393
395
396
397
399
403
405
408
414
415
417
418
419
420
422
424
430
434
435
436
438
439
440
441
444
447
448
449
450
454
456
458
459
460
462
465
467
468
469
470
471
473
474
477
480
481
483
484
485
486
487
488
489
491
492
494
496
497
498
504
510
512
513
514
515
517
519
520
521
522
524
525
531
535
536
538
539
540
541
544
555
559
563
565
566
567
571
572
573
575
577
581
583
584
585
589
590
591
592
596
598
599
600
602
603
604
609
613
614
615
616
618
624
626
628
629
631
632
633
635
636
637
638
647
649
650
651
652
655
657
658
659
660
662
663
664
667
671
672
676
679
683
684
686
687
689
690
696
698
701
704
705
707
709
710
711
714
715
718
719
721
724
726
727
728
729
731
732
733
735
737
739
743
745
746
751
754
755
757
759
761
767
768
777
781
782
783
785
787
790
791
792
795
796
799
803
804
805
808
809
811
815
817
819
821
822
824
827
828
833
834
835
836
837
839
840
841
842
843
848
849
850
851
852
853
855
859
863
865
866
868
872
873
874
876
878
879
882
885
888
890
892
893
898
899
900
904
905
906
907
908
909
910
913
914
915
917
919
921
923
924
925
926
928
930
931
933
936
943
944
947
948
949
952
960
961
962
963
964
965
967
969
970
971
973
976
977
982
983
984
985
989
991
992
994
996
997
998
1000
1002
1004
1007
1008
1011
1013
1014
1015
1017
1018
1021
1024
1028
1031
1034
1036
1038
1040
1041
1042
1043
1045
1047
1048
1050
1051
1052
1053
1056
1058
1059
1060
1063
1064
1068
1075
1079
1082
1084
1086
1087
1089
1090
1093
1099
1100
1101
1104
1106
1108
1112
1118
1119
1121
1122
1123
1124
1125
1126
1128
1130
1132
1137
1139
1143
1145
1150
1151
1152
1153
1155
1156
1160
1161
1163
1164
1166
1169
1174
1177
1178
1180
1182
1184
1185
1186
1187
1193
1195
1196
1197
1199
1203
1205
1206
1207
1208
1209
1216
1217
1220
1223
1225
1228
1229
1230
1235
1237
1238
1239
1242
1244
1245
1246
1248
1249
1251
1252
1254
1257
1258
1259
1260
1261
1262
1265
1267
1268
1271
1273
1275
1276
1278
1280
1283
1284
1285
1286
1287
1288
1290
1291
1294
1295
1296
1300
1305
1307
1309
1313
1314
1321
1323
1327
1333
1335
1339
1340
1341
1342
1343
1344
1348
1350
1352
1353
1354
1355
1356
1360
1361
1362
1364
1365
1367
1372
1375
1376
1378
1379
1380
1381
1383
1387
1389
1391
1392
1393
1394
1396
1398
1402
1403
1404
1406
1407
1408
1415
1417
1418
1419
1422
1423
1427
1429
1430
1433
1434
1437
1439
1440
1441
1444
1448
1449
1450
1451
1452
1455
1456
1457
1459
1465
1466
1467
1469
1471
1472
1473
1474
1475
1477
1479
1480
1482
1483
1484
1485
1486
1487
1488
1489
1490
1493
1495
1496
1498
1502
1504
1508
1509
1510
1511
1513
1514
1515
1516
1522
1523
1524
1525
1526
1527
1528
1531
1532
1533
1534
1537
1540
1545
1547
1551
1552
1554
1556
1557
1558
1561
1562
1563
1564
1566
1567
1568
1571
1573
1577
1578
1580
1581
1582
1583
1585
1587
1589
1590
1594
1595
1596
1597
1598
1600
1605
1608
1609
1613
1618
1623
1624
1628
1629
1633
1639
1641
1642
1644
1647
1650
1652
1656
1659
1662
1663
1665
1667
1671
1672
1674
1675
1676
1679
1683
1684
1687
1688
1689
1690
1692
1693
1694
1697
1698
1699
1701
1703
1705
1711
1712
1713
1714
1715
1716
1717
1718
1719
1720
1721
1722
1723
1724
1727
1728
1729
1731
1733
1734
1735
1737
1739
1741
1744
1745
1747
1750
1751
1752
1753
1754
1755
1757
1758
1760
1761
1762
1763
1765
1767
1768
1769
1771
1772
1777
1778
1779
1783
1784
1785
1792
1795
1798
1799
1801
1802
1803
1805
1806
1807
1809
1811
1812
1814
1815
1816
1818
1822
1823
1826
1827
1828
1830
1831
1832
1836
1839
1841
1842
1845
1847
1848
1852
1855
1856
1858
1860
